[gd_scene load_steps=6 format=2]

[ext_resource path="res://World.gd" type="Script" id=1]
[ext_resource path="res://Player.tscn" type="PackedScene" id=2]

[sub_resource type="BoxShape" id=1]
extents = Vector3( 30, 1, 30 )

[sub_resource type="CubeMesh" id=2]
size = Vector3( 60, 2, 60 )

[sub_resource type="Curve3D" id=3]
_data = {
"points": PoolVector3Array( 0, 0, 0, 0, 0, 0, -22.8935, 0.121895, -17.9004, 0, 0, 0, 0, 0, 0, 17.9642, 0.0230026, -18.0305, 0, 0, 0, 0, 0, 0, 18.0943, 0.0208969, 20.2248, 0, 0, 0, 0, 0, 0, -23.6742, 0.117516, 20.355, 0, 0, 0, 0, 0, 0, -23.1538, 0.110023, -17.9004 ),
"tilts": PoolRealArray( 0, 0, 0, 0, 0 )
}

[node name="World" type="Spatial"]
script = ExtResource( 1 )

[node name="Ground" type="StaticBody" parent="."]
transform = Transform( 1, 0, 0, 0, 1, 0, 0, 0, 1, 0, -1, 0 )
__meta__ = {
"_edit_group_": true
}

[node name="CollisionShape" type="CollisionShape" parent="Ground"]
shape = SubResource( 1 )

[node name="MeshInstance" type="MeshInstance" parent="Ground"]
mesh = SubResource( 2 )
material/0 = null

[node name="DirectionalLight" type="DirectionalLight" parent="."]
transform = Transform( 1, 0, 0, 0, 0.866025, 0.5, 0, -0.5, 0.866025, 0, 15, 15 )
shadow_enabled = true

[node name="CameraPivot" type="Position3D" parent="."]
transform = Transform( 1, 0, 0, 0, 0.707107, 0.707107, 0, -0.707107, 0.707107, 0, 0, 0 )

[node name="Camera" type="Camera" parent="CameraPivot"]
transform = Transform( 1, 0, 0, 0, 1, 0, 0, 0, 1, 0, 0, 30 )
projection = 1
size = 25.0

[node name="Player" parent="." instance=ExtResource( 2 )]
transform = Transform( 1, 0, 0, 0, 1, 0, 0, 0, 1, 0, 0.651586, 0 )

[node name="SpawnPath" type="Path" parent="."]
transform = Transform( 1, 0, 0, 0, 1, 0, 0, 0, 1, 2.30034, 0.190804, -1.62297 )
curve = SubResource( 3 )

[node name="SpawnLocation" type="PathFollow" parent="SpawnPath"]
transform = Transform( 0.999806, -0.00315718, -0.0194759, 0.0032064, 0.999992, 0.00249625, 0.0194678, -0.00255822, 0.999807, -23.4118, 0.113738, 1.06884 )
offset = 139.67
rotation_mode = 1

[node name="SpawnTimer" type="Timer" parent="."]
wait_time = 0.6
autostart = true

[connection signal="timeout" from="SpawnTimer" to="." method="_on_SpawnTimer_timeout"]
